function [dist, po2, po2_sem] = Helmlinger1997_po2()
% Distance [µm]	pO2 [mmHg]	pO2 + sem [mmHg]	+-sem [mmHG]

data = [
1.64	13.42	0.00	1.76
12.52	11.81	13.57	1.76
20.99	11.20	13.19	1.99
32.48	9.73	11.41	1.67
40.36	9.42	10.89	1.47
51.26	8.52	10.25	1.73
60.89	6.13	7.86	1.73
71.21	6.16	8.15	1.99
86.35	4.89	7.45	2.56
96.60	2.99	4.08	1.09
116.01	2.53	3.48	0.95
130.55	1.52	2.47	0.95
150.55	0.59	0.77	0.17
190.60	0.27	0.45	0.17
229.45	0.30	0.44	0.14
269.50	0.10	0.24	0.14
310.17	0.09	0.21	0.12
350.23	0.03	0.12	0.09
389.68	0.03	0.14	0.12
];

dist = data(:,1);
po2 = data(:,2);
po2_sem = data(:,4);

end