function [data] = data_Puhl2003()
% Noninvasive in vivo analysis of the human hepatic microcirculation using orthogonal polorization spectral imaging.
% Puhl G, Schaser KD, Vollmar B, Menger MD, Settmacher U.
% Transplantation. 2003 Mar 27;75(6):756-61.
% PMID: 12660497

% RBC velocity [mm/s], Percent [%]
tmp = [
0.5	28.85
1	50.67
1.5	15.37
2	4.26
2.5	0.92
];
data.hist_rbcv = tmp(:,1);
data.hist_rbcv_percent = tmp(:,2);

% RBC velocity [mm/s], Percent [%]
tmp = [
0.02521	4.04795
0.07804	5.34812
0.12195	6.80913
0.17467	8.4329
0.22735	10.21848
0.26232	11.84034
0.27965	13.13668
0.32335	15.24491
0.34078	16.21764
0.36689	17.83854
0.38422	19.13488
0.41037	20.59398
0.42775	21.72852
0.45385	23.34942
0.47119	24.64576
0.48852	25.94209
0.51467	27.4012
0.53205	28.53573
0.54933	29.99387
0.56671	31.12841
0.58399	32.58655
0.60127	34.04469
0.62748	35.34199
0.64486	36.47652
0.67107	37.77382
0.6884	39.07016
0.70578	40.2047
0.72327	41.01562
0.74953	42.15112
0.77568	43.61022
0.80189	44.90751
0.83697	46.20577
0.88098	47.34317
0.91622	48.15602
0.97829	48.32452
1.04068	47.52221
1.09451	45.74812
1.13926	44.62029
1.17523	43.16789
1.20233	41.71454
1.22943	40.26118
1.24765	38.80687
1.2747	37.51532
1.284	36.22185
1.3111	34.7685
1.33825	33.15334
1.36556	31.05277
1.39271	29.43761
1.41986	27.82246
1.43803	26.52995
1.4561	25.56104
1.4833	23.78408
1.51948	21.68447
1.53781	19.90656
1.56491	18.4532
1.6011	16.35359
1.64637	13.60773
1.70907	11.8346
1.75424	9.41234
1.82608	6.83115
1.92466	3.92923
2.04072	1.83824
2.19197	0.72189
2.37861	-0.06702
2.55612	-0.04787
2.84901	-0.01628
];
data.dens_rbcv = tmp(:,1);
data.dens_rbcv_percent = tmp(:,2);

%%%%%%%%%%%%%%%%%%%%%%%%%%%%%%%%%%%%%%%%%%%%%%

% Functional sinusoidal density [1/cm], Percent [%]
tmp = [
328	7.74
356	17.68
384	32.31
412	31.51
440	11
];
data.hist_fsd = tmp(:,1);
data.hist_fsd_percent = tmp(:,2);

% Functional sinusoidal density [1/cm], Percent [%]
tmp = [
301.30038	0.0579
309.90903	0.69685
316.42834	1.50845
323.46756	2.60927
328.15509	4.05605
333.10324	5.56073
338.31024	7.35452
341.94864	9.49457
345.58789	11.51901
348.18692	13.02285
351.56387	15.22061
354.15952	17.18687
356.23483	18.92172
359.09146	20.88808
361.68753	22.79654
364.54459	24.70509
367.40207	26.55584
369.47696	28.3485
372.3349	30.14144
374.67291	31.64518
377.53253	33.20691
380.91376	34.82664
384.81955	36.09973
389.25076	36.91058
395.25571	36.68153
400.74716	35.29623
405.19797	33.44812
408.34201	31.83076
410.96277	30.38661
413.3255	28.53775
415.68735	26.8045
418.04709	25.36026
420.14627	23.85812
422.76999	22.00935
425.13187	20.2761
426.97086	18.65826
429.8573	16.57837
432.21832	14.96073
435.36493	12.99654
437.72638	11.32109
440.60855	9.81923
444.79794	8.02884
448.72629	6.23834
452.9144	4.62135
457.62366	3.12016
463.63583	1.90846
471.99628	0.81321
481.65921	0.06525
];
data.dens_fsd = tmp(:,1);
data.dens_fsd_percent = tmp(:,2);

%%%%%%%%%%%%%%%%%%%%%%%%%%%%%%%%%%%%%%%%%%%%%%

% Sinusoidal diameter [µm], Percent [%]
tmp = [
7.1	10.78
8.1	34.17
9.1	40.46
10.1	13.16
11.1	1.97
12.1	0.3
];
data.hist_sd = tmp(:,1);
data.hist_sd_percent = tmp(:,2);

% Sinusoidal diameter [µm], Percent [%]
tmp = [
6.04063	0.10127
6.35214	1.01266
6.6772	2.43038
6.88036	3.8481
7.0158	5.26582
7.1377	7.29114
7.27314	9.31646
7.36795	11.5443
7.4763	13.77215
7.53047	15.49367
7.62528	17.51899
7.693	19.24051
7.76072	21.16456
7.8149	23.59494
7.88262	25.72152
7.96388	27.8481
8.0316	29.97468
8.12641	32.20253
8.20767	34.22785
8.2754	36.4557
8.3702	38.48101
8.46501	40.10126
8.58691	41.51899
8.77652	42.83544
8.97968	41.82278
9.11512	39.89874
9.22348	37.87342
9.31828	35.94937
9.41309	33.51899
9.48081	31.3924
9.58916	29.06329
9.67043	26.73418
9.77878	24.20253
9.83296	21.77215
9.92776	19.74684
10.03612	17.11392
10.14447	14.48101
10.27991	10.93671
10.42889	8.50633
10.59142	5.97468
10.78104	4.05063
11.01129	2.22785
11.28217	1.11392
11.56659	0.3038
11.89165	0.3038
];
data.dens_sd = tmp(:,1);
data.dens_sd_percent = tmp(:,2);